-3.941714285714285060e-01
4.660714285714285587e+00
2.989640000000000075e+00
2.942359999999999864e+00
2.966942857142857104e+00
4.660714285714285587e+00
8.954297142857141978e+01
4.660714285714285587e+00
4.525285714285714356e+00
8.954297142857141978e+01
4.827151428571428227e+01
2.989640000000000075e+00
2.966942857142857104e+00
2.966942857142857104e+00
2.989640000000000075e+00
2.989640000000000075e+00
2.942359999999999864e+00
2.942359999999999864e+00
2.942359999999999864e+00
2.966942857142857104e+00
