6.000000000000000000e+00
1.776000000000000000e+03
1.990000000000000000e+03
2.000000000000000000e+03
2.009000000000000000e+03
2.137000000000000000e+03
2.152000000000000000e+03
2.238000000000000000e+03
2.246000000000000000e+03
2.253000000000000000e+03
2.432000000000000000e+03
2.499000000000000000e+03
2.500000000000000000e+03
2.501000000000000000e+03
2.503000000000000000e+03
2.504000000000000000e+03
2.506000000000000000e+03
2.507000000000000000e+03
2.582000000000000000e+03
2.585000000000000000e+03
