1.372114599183673400e+00
1.727463265306122819e-02
1.859924303999999917e-01
1.949825161142857144e-01
1.893657167346938786e-01
1.727463265306122819e-02
1.150014488489795106e+01
1.727463265306122819e-02
1.202809183673469312e-01
1.150014488489795106e+01
2.004534212244895031e-01
1.859924303999999917e-01
1.893657167346938786e-01
1.893657167346938786e-01
1.859924303999999917e-01
1.859924303999999917e-01
1.949825161142857144e-01
1.949825161142857144e-01
1.949825161142857144e-01
1.893657167346938786e-01
